Seq SetupAveTime       ekgenAveTime       EncAveTime         dkgenAveTime       decAveTime        
01  0.1953887939453125 0.0019595623016357 0.0087718963623047 0.0117013454437256 0.0051910877227783
05  0.1915776729583740 0.0019316673278809 0.0212805271148682 0.0261654853820801 0.0101110935211182
10  0.1909787654876709 0.0019326210021973 0.0394644737243652 0.0439124107360840 0.0159435272216797
15  0.1913750171661377 0.0019319057464600 0.0580461025238037 0.0630388259887695 0.0220446586608887
20  0.1912236213684082 0.0019013881683350 0.0766720771789551 0.0804524421691895 0.0280723571777344
25  0.1910812854766846 0.0019443035125732 0.0949201583862305 0.0977649688720703 0.0340955257415771
30  0.1920783519744873 0.0019311904907227 0.1151785850524902 0.1156978607177734 0.0402209758758545
35  0.1912827491760254 0.0019249916076660 0.1343698501586914 0.1351130008697510 0.0462076663970947
40  0.1918745040893555 0.0019438266754150 0.1542227268218994 0.1507802009582520 0.0522141456604004
45  0.1914448738098145 0.0019316673278809 0.1732544898986816 0.1701500415802002 0.0586462020874023
50  0.1914627552032471 0.0019409656524658 0.1921679973602295 0.1893188953399658 0.0644006729125977
