Seq SetupAveTime       ekgenAveTime       EncAveTime         dkgenAVeTime       decAveTime        
02  0.4927022457122803 0.0091083049774170 0.0604951381683350 0.0091083049774170 0.0432808399200439
03  0.4897401332855225 0.0091469287872314 0.0689661502838135 0.0091469287872314 0.0439014434814453
04  0.4916026592254639 0.0091705322265625 0.0852587223052979 0.0091705322265625 0.0497162342071533
05  0.4907875061035156 0.0091254711151123 0.1035547256469727 0.0091254711151123 0.0508797168731689
06  0.4913308620452881 0.0092034339904785 0.1189963817596436 0.0092034339904785 0.0565848350524902
07  0.4916739463806152 0.0091018676757812 0.1372857093811035 0.0091018676757812 0.0577583312988281
08  0.4922831058502197 0.0092675685882568 0.1551535129547119 0.0092675685882568 0.0638461112976074
09  0.4909687042236328 0.0090718269348145 0.1727046966552734 0.0090718269348145 0.0653941631317139
10  0.4912259578704834 0.0091633796691895 0.1864395141601562 0.0091633796691895 0.0714397430419922
11  0.4911019802093506 0.0092394351959229 0.2065968513488770 0.0092394351959229 0.0747835636138916
12  0.4927909374237061 0.0091860294342041 0.2237026691436768 0.0091860294342041 0.0768253803253174
13  0.4930222034454346 0.0091810226440430 0.2424020767211914 0.0091810226440430 0.0823400020599365
