Seq SetupAveTime       ekgenAveTime       EncAveTime         dkgenAVeTime       decAveTime
02  0.3188219070434570 0.0026175975799561 0.0254170894622803 0.0026175975799561 0.0090646743774414
03  0.3241298198699951 0.0026800632476807 0.0241913795471191 0.0026800632476807 0.0092096328735352
04  0.3153281211853027 0.0025103092193604 0.0283575057983398 0.0025103092193604 0.0107758045196533
05  0.3197453022003174 0.0027213096618652 0.0332543849945068 0.0027213096618652 0.0115485191345215
06  0.3275895118713379 0.0026438236236572 0.0388381481170654 0.0026438236236572 0.0127949714660645
07  0.3214025497436523 0.0024940967559814 0.0420012474060059 0.0024940967559814 0.0129427909851074
08  0.3199119567871094 0.0026011466979980 0.0459716320037842 0.0026011466979980 0.0145812034606934
09  0.3150405883789062 0.0025866031646729 0.0508081912994385 0.0025866031646729 0.0149841308593750
10  0.3145945072174072 0.0026097297668457 0.0546360015869141 0.0026097297668457 0.0167174339294434
11  0.3148357868194580 0.0025885105133057 0.0595052242279053 0.0025885105133057 0.0174334049224854
12  0.3186533451080322 0.0025942325592041 0.0646941661834:q717 0.0025942325592041 0.0192258358001709
13  0.3137168884277344 0.0025489330291748 0.0694456100463867 0.0025489330291748 0.0210738182067871
