Seq SetupAveTime       ekgenAveTime       EncAveTime         dkgenAVeTime       decAveTime        
06  0.3347260951995850 0.0027146339416504 0.0434796810150146 0.0027146339416504 0.0126287937164307
07  0.3127024173736572 0.0025277137756348 0.0407960414886475 0.0025277137756348 0.0130994319915771
08  0.3083376884460449 0.0024542808532715 0.0462186336517334 0.0024542808532715 0.0143766403198242
09  0.3206734657287598 0.0024812221527100 0.0497183799743652 0.0024812221527100 0.0150933265686035
10  0.3070874214172363 0.0024850368499756 0.0552337169647217 0.0024850368499756 0.0168542861938477
11  0.3055062294006348 0.0025482177734375 0.0590748786926270 0.0025482177734375 0.0172472000122070
12  0.3058793544769287 0.0024707317352295 0.0641870498657227 0.0024707317352295 0.0179989337921143
13  0.3059103488922119 0.0024712085723877 0.0683696269989014 0.0024712085723877 0.0190172195434570
14  0.3062930107116699 0.0025515556335449 0.0728693008422852 0.0025515556335449 0.0215961933135986
15  0.3095304965972900 0.0025489330291748 0.0817065238952637 0.0025489330291748 0.0230619907379150
