Seq SetupAveTime       ekgenAveTime       EncAveTime         dkgenAVeTime       decAveTime        
02  0.0190131664276123 0.0025637149810791 0.0260689258575439 0.0025637149810791 0.0099425315856934
03  0.0200262069702148 0.0026309490203857 0.0310778617858887 0.0026309490203857 0.0099418163299561
04  0.0188984870910645 0.0025496482849121 0.0363595485687256 0.0025496482849121 0.0099024772644043
05  0.0188839435577393 0.0025293827056885 0.0423395633697510 0.0025293827056885 0.0102541446685791
06  0.0191478729248047 0.0025300979614258 0.0476722717285156 0.0025300979614258 0.0098481178283691
07  0.0188617706298828 0.0025651454925537 0.0530424118041992 0.0025651454925537 0.0100429058074951
08  0.0187914371490479 0.0025148391723633 0.0599656105041504 0.0025148391723633 0.0102667808532715
09  0.0192441940307617 0.0025720596313477 0.0640022754669189 0.0025720596313477 0.0099070072174072
10  0.0189692974090576 0.0025501251220703 0.0702009201049805 0.0025501251220703 0.0107848644256592
