Seq SetupTime          EncTime            KeyGenTime         DecTime  
00  0.0493094921112061 0.0115420818328857 0.0201389789581299 0.0087108612060547
01  0.0494370460510254 0.0116534233093262 0.0199413299560547 0.0086894035339355
02  0.0486297607421875 0.0115716457366943 0.0200359821319581 0.0086240768432617
03  0.0490546226501465 0.0116333961486816 0.0199871063232422 0.0085906982421875
04  0.0493965148925781 0.0115702152252197 0.0199561119079590 0.0086345672607422
05  0.0491986274719238 0.0115971565246582 0.0199155807495117 0.0085856914520264
06  0.0492646694183350 0.0116634368896484 0.0198960304260254 0.0086112022399902
07  0.0492205619812012 0.0116298198699951 0.0199859142303467 0.0085978507995605
08  0.0481963157653809 0.0117177963256836 0.0199763774871826 0.0086240768432617
09  0.0560364723205566 0.0115754604339600 0.0198402404785156 0.0086164474487305
10  0.0483105182647705 0.0114908218383789 0.0198645591735840 0.0085802078247070
11  0.0485944747924805 0.0113811492919922 0.0199043750762939 0.0086011886596680
12  0.0485372543334961 0.0114896297454834 0.0198702812194824 0.0085783004760742
13  0.0483715534210205 0.0115320682525635 0.0197756290435791 0.0085952281951904
14  0.0496852397918701 0.0115880966186523 0.0198760032653809 0.0085732936859131
15  0.0483150482177734 0.0114128589630127 0.0198884010314942 0.0086400508880615
16  0.0486035346984863 0.0115499496459961 0.0198428630828857 0.0085699558258057
17  0.0483863353729248 0.0114569664001465 0.0198886394500733 0.0086195468902588
18  0.0489351749420166 0.0114722251892090 0.0198867321014404 0.0085909366607666
19  0.0485091209411621 0.0115697383880615 0.0197215080261231 0.0086307525634766
20  0.0488531589508057 0.0115323066711426 0.0198366641998291 0.0085601806640625
21  0.0489313602447510 0.0115394592285156 0.0198020935058594 0.0090332031250000
22  0.0484268665313721 0.0115342140197754 0.0199103355407715 0.0085971355438232
23  0.0485532283782959 0.0115392208099365 0.0199327468872070 0.0086941719055176
24  0.0486776828765869 0.0114073753356934 0.0266711711883544 0.0092523097991943
25  0.0488801002502441 0.0114500522613525 0.0199184417724609 0.0086016654968262
26  0.0488522052764893 0.0114290714263916 0.0202066898345947 0.0086781978607178
27  0.0485472679138184 0.0114381313323975 0.0199041366577148 0.0086040496826172
28  0.0487222671508789 0.0115098953247070 0.0198047161102295 0.0086400508880615
29  0.0486264228820801 0.0115597248077393 0.0268108844757080 0.0086345672607422
30  0.0490354299545288 0.0115345795949300 0.0203663508097331 0.0086519956588745